40 29
20 10 0
10 10 0
40 50 0
70 10 0
60 10 0
53 20 0
27 20 0
33.5 30 0
46.5 30 0
40 40 0
90 10 0
80 10 0
80 50 0
110 40 0
140 50 0
140 10 0
130 10 0
130 35 0
110 30 0
90 35 0
20 10 10
10 10 10
40 50 10
70 10 10
60 10 10
53 20 10
27 20 10
33.5 30 10
46.5 30 10
40 40 10
90 10 10
80 10 10
80 50 10
110 40 10
140 50 10
140 10 10
130 10 10
130 35 10
110 30 10
90 35 10
4	0 1 2 9
4	2 3 4 9
4	5 6 7 8
4	2 9 29 22
4	25 26 27 28
4	5 25 26 6
4	1 21 22 2
4	3 23 22 2
4	1 21 20 0
4	3 23 24 4
4	0 9 29 20
4	4 9 29 24
4	10 11 12 19
4	12 19 18 13
4	13 18 17 14
4	14 17 16 15
4	11 12 32 31
4	14 15 35 34
4	11 31 30 10
4 	16 36 35 15
4	10 19 39 30
4	16 17 37 36
4	19 18 38 39
4	12 13 33 32
4	19 12 32 39
4	13 18 38 33
4	14 17 37 34
4	13 14 34 33
4	18 17 37 38