40 48
20 10 0
10 10 0
40 50 0
70 10 0
60 10 0
53.5 20 0
26.5 20 0
33 30 0
47 30 0
40 40 0
90 10 0
80 10 0
80 50 0
110 40 0
140 50 0
140 10 0
130 10 0
130 35 0
110 30 0
90 35 0
20 10 5
10 10 5
40 50 5
70 10 5
60 10 5
53.5 20 5
26.5 20 5
33 30 5
47 30 5
40 40 5
90 10 5
80 10 5
80 50 5
110 40 5
140 50 5
140 10 5
130 10 5
130 35 5
110 30 5
90 35 5
3	2 1 9
3	1 0 9
3	3 2 9
3	4 3 9
3	7 6 5
3	8 7 5
3	21 22 29
3	20 21 29
3	22 23 29
3	23 24 29
3	25 26 27
3	27 28 25	
4	0 1 21 20
4	1 2 22 21
4	2 3 23 22
4	3 4 24 23
4	5 6 26 25
4	7 8 28 27
4	6 0 20 26
4	9 7 27 29
4	8 9 29 28
4	4 5 25 24
3	19 12 11
3	19 11 10
3	13 12 19
3	13 19 18
3	14 13 18
3	14 18 17
3	14 17 15
3	16 15 17
3	31 32 39
3	30 31 39
3	39 32 33
3	38 39 33
3	38 33 34
3	37 38 34
3	34 35 37
3	37 35 36
4	11 12 32 31
4	14 15 35 34
4	10 11 31 30
4 	15 16 36 35
4	19 10 30 39
4	16 17 37 36
4	18 19 39 38
4	12 13 33 32
4	13 14 34 33
4	17 18 38 37